300459 40 52
300459 54 164
300459 167 218
300459 220 242
300459 244 252
300459 255 283
300459 285 321
300459 324 332
301398 1 9
300517 1 8
300517 103 179
300517 181 391
300517 394 409
300517 411 479
300517 482 587
300517 589 623
301396 1 2
301396 4 33
301397 1 95
301397 98 217
301397 219 228
301397 231 235
301397 237 305
301397 307 328
301397 330 387
301397 389 426
301397 429 447
301397 450 530
301397 533 548
301397 550 559
301397 561 604
301397 607 658
301397 660 693
301397 695 709
301397 712 728
301399 1 54
301399 56 108
301391 38 158
301391 160 214
301392 1 15
301392 17 32
301392 34 166
301392 169 256
301392 258 351
301392 354 379
301392 381 627
301393 1 18
297484 1 20
297484 23 47
297484 53 98
297484 100 208
297484 214 214
297485 2 16
297485 23 55
297485 57 253
297485 258 299
297485 302 314
297485 321 411
297485 414 420
297486 1 74
297486 79 140
297486 142 598
297486 603 604
297486 607 625
297487 1 147
297487 150 338
297487 340 433
297487 439 491
297487 495 603
297487 609 613
301985 1 159
301985 161 230
301985 232 302
301985 305 324
301985 326 367
300389 1 1
300389 4 5
300389 8 8
300389 11 20
300389 23 39
300389 60 149
297099 40 62
297483 37 68
297483 71 201
297483 206 214
299370 1 72
299370 74 149
299370 151 174
299370 176 411
299370 413 457
299370 460 523
299370 525 529
299370 531 610
299370 612 698
299370 701 705
297488 1 73
297488 80 424
297557 8 113
297557 119 167
297557 173 174
297557 180 394
297723 1 222
297722 55 160
297722 165 289
297722 292 310
297722 313 344
297722 346 350
297722 352 353
300674 1 12
300674 14 22
300674 25 33
300675 2 18
300675 21 33
300676 1 26
300284 1 2
300284 5 22
300284 38 47
300284 50 63
300284 65 82
300284 90 98
300284 108 130
300284 133 152
300284 156 245
300284 248 250
300284 260 293
300284 295 414
300284 420 561
300284 568 585
300284 590 680
300284 691 711
300284 713 751
299178 37 56
299178 58 111
301627 57 168
301627 170 238
301627 240 284
301627 286 393
301627 395 420
301627 422 434
301627 437 506
301627 508 526
301627 528 552
301627 554 568
301627 570 688
301627 691 783
301627 787 870
301627 873 896
301627 898 900
301627 902 907
301627 910 943
301142 1 17
301142 19 49
301142 52 191
301142 194 336
301142 339 343
301142 346 369
301142 371 475
301142 478 579
301142 581 582
301142 584 717
301142 720 742
301142 744 897
301664 28 156
301664 158 192
301664 195 224
301664 226 228
301664 230 321
301664 323 369
301664 372 420
301664 423 443
301664 445 445
297656 64 116
297656 123 135
297656 140 230
297656 269 307
297656 313 330
297656 341 376
297656 378 388
297656 393 433
297411 32 69
297411 71 190
297411 192 297
297411 299 479
297411 481 694
297411 696 737
297411 740 776
297411 779 800
297411 807 947
297411 950 950
297308 8 44
299369 1 21
299369 24 44
299369 46 289
299369 291 303
299368 37 54
299368 56 61
299368 63 175
299450 39 88
300399 1 20
300398 1 5
300398 8 20
300742 42 156
300742 159 170
300742 173 281
300742 283 343
300393 1 20
300392 1 21
300391 1 21
300390 1 21
300397 1 20
300396 1 20
300395 1 2
300395 5 20
300394 1 21
300497 26 28
300497 31 125
300497 127 149
300497 151 175
300558 1 37
300558 39 104
300558 106 167
300558 169 194
300558 196 287
300558 289 342
300558 344 548
299443 145 164
299000 1 16
299000 18 77
297558 1 124
297558 126 164
297558 167 225
297558 227 266
301475 1 18
299593 95 103
299593 106 157
299593 159 177
299593 179 201
299593 204 419
299593 421 437
299593 439 508
299593 511 513
299593 515 515
299593 518 575
299593 577 591
299593 593 678
299593 680 747
299593 750 896
299594 1 27
299594 29 115
299594 117 221
299594 224 249
299594 251 317
299595 1 33
299595 35 112
299595 114 134
299595 138 138
299597 1 8
299597 11 62
299597 65 91
299597 93 209
299597 212 228
299597 230 258
299597 260 445
299597 447 534
299597 536 540
300155 35 62
300155 64 357
300155 359 411
300155 413 527
300155 529 539
300155 542 630
300155 632 736
300155 738 840
300155 842 950
300155 953 982
300155 984 1176
300155 1178 1229
300157 1 28
300157 30 133
300157 135 152
300157 154 225
300157 228 296
300157 298 460
300157 462 484
300157 486 535
300157 538 680
300157 682 738
300157 740 785
300157 788 802
300157 805 876
300157 879 890
300157 892 908
300157 911 996
300157 998 1027
300157 1030 1075
300157 1077 1107
300156 1 29
300156 31 53
300156 56 63
300156 65 70
300156 72 72
301461 28 210
301461 212 317
301461 319 503
301461 506 581
301987 1 160
301987 162 164
301987 167 204
301987 206 282
301987 284 313
301987 315 496
301987 498 500
301987 503 550
301987 552 552
301987 554 731
301987 733 807
301987 810 819
301987 821 941
301987 943 1059
301987 1062 1083
301987 1085 1128
299096 1 3
299096 5 55
299096 57 97
297665 1 153
297665 159 209
297665 214 265
297665 268 279
297666 1 11
297666 17 72
297666 74 81
297666 86 94
297666 97 97
297666 100 121
301986 1 17
301986 20 31
301986 34 53
301986 56 67
301986 70 85
301986 88 159
301986 162 186
301986 188 196
301986 198 206
301986 209 273
301986 276 381
297175 1 22
297175 24 85
297176 1 120
297176 125 214
298997 1 47
298996 33 216
297468 1 74
297469 1 4
297469 9 70
297467 50 80
297467 82 127
297467 129 138
300401 1 7
300401 9 171
300401 173 190
300401 193 213
300401 216 301
300401 303 353
300401 355 380
300401 382 391
300401 393 451
300401 453 559
300401 562 636
300401 638 673
300400 1 59
300400 61 288
300400 291 342
300400 344 372
300400 374 391
300400 393 395
300400 398 561
300400 563 582
300400 584 596
300400 598 643
300400 645 677
300560 1 104
300560 106 168
300560 170 191
300560 194 210
300560 212 255
300560 257 439
300560 442 506
300560 508 547
300560 549 604
300560 606 612
300560 615 640
300560 645 656
300560 658 695
300560 697 782
300560 784 844
299396 1 34
299396 37 52
299396 54 81
300117 35 67
299394 1 33
299395 1 58
299395 60 64
299395 66 127
299395 130 187
300366 1 21
300367 1 20
300364 24 46
300365 3 20
300368 1 10
300368 12 20
300369 1 15
300369 18 20
297563 1 69
297563 71 77
297563 79 254
297563 260 262
297562 1 3
297562 5 92
297562 94 369
300806 33 35
300806 37 161
300806 163 167
300806 169 214
301161 35 146
301161 148 162
301161 164 185
301161 187 203
301161 205 367
301161 370 376
301161 379 413
301161 415 451
301161 454 496
301161 498 502
301161 504 526
301161 529 670
301161 673 742
301161 745 805
301046 153 222
297670 1 34
297675 1 123
297675 129 149
297675 151 163
297675 165 175
297675 178 186
297675 189 199
297675 202 239
297675 244 328
297675 334 467
297675 470 471
297674 1 102
297674 108 188
300576 1 41
300576 43 118
300576 121 123
300576 125 164
300576 166 206
300576 209 263
300576 265 274
300576 277 317
300576 320 627
300576 629 643
300576 646 720
300576 722 946
300576 949 971
300576 973 979
300576 982 1099
300576 1102 1206
299479 1 67
299479 69 123
299478 1 16
299478 19 81
299478 83 140
299478 143 175
301567 14 101
301567 103 114
301567 116 124
301567 127 286
301567 288 295
301567 297 308
301567 311 372
299477 34 42
299477 82 87
299149 29 87
299149 89 198
299149 200 216
299149 218 263
299149 266 266
299149 268 272
299149 274 282
299149 284 288
299149 290 470
299381 1 45
299380 32 36
299380 39 83
299380 86 170
299380 172 227
301665 1 122
301665 124 128
301665 130 294
301665 319 329
301665 331 467
301665 469 487
300575 1 82
300375 1 47
300375 50 93
300374 1 21
300574 14 111
300371 1 17
300371 19 20
300370 1 1
300370 3 20
300373 1 21
300372 1 8
300777 21 50
300777 52 132
300777 134 147
300777 149 169
300777 171 214
300777 216 419
300777 421 482
300777 485 509
301959 30 51
301959 53 56
301959 59 220
301959 222 223
301959 226 235
301959 238 326
301959 328 361
301959 363 415
301959 417 501
301959 504 520
301959 522 611
301959 613 800
301959 802 862
301959 864 913
301959 915 915
301959 917 1057
301959 1060 1149
301959 1152 1162
301959 1164 1174
301959 1177 1209
301959 1211 1212
301959 1215 1243
301959 1245 1254
301959 1256 1258
301959 1261 1261
301959 1264 1346
301959 1348 1353
301959 1355 1380
301959 1382 1413
301959 1415 1538
301959 1541 1634
301959 1636 1687
301959 1690 1829
301959 1831 1928
301959 1930 1938
297599 1 156
297599 158 169
297599 211 225
297599 230 312
297599 319 385
297599 395 407
301298 30 37
301298 39 88
301298 91 100
301298 103 146
301298 148 201
301298 204 439
301298 441 525
301298 527 537
301298 539 622
301298 624 797
301298 799 799
301298 801 801
301298 804 881
301298 883 913
301298 915 949
301519 42 118
301519 120 132
301519 134 250
297219 1 11
297219 14 80
297219 85 147
297219 149 281
297219 288 331
297219 333 579
297219 585 625
297219 627 730
297219 732 916
297219 921 972
297219 974 1071
297219 1073 1093
297219 1095 1210
297219 1212 1363
297219 1365 1429
297219 1436 1479
297219 1481 1712
297219 1714 2004
297219 2010 2057
297219 2059 2111
297219 2114 2431
297219 2433 2565
297219 2567 2572
297219 2574 2638
297218 1 27
300636 1 85
300636 88 95
300636 97 159
300636 162 188
300636 190 335
300636 338 435
300636 438 503
300636 507 579
300636 582 627
300636 630 738
300636 741 743
300636 745 753
300636 756 763
300636 766 789
300636 792 806
300636 809 922
300636 925 931
300636 933 942
300636 945 954
300636 956 991
300636 994 1000
300636 1003 1005
300636 1008 1081
300636 1084 1091
300636 1094 1096
300636 1099 1164
300636 1166 1193
300636 1195 1267
300636 1269 1270
300636 1272 1386
300636 1388 1480
300636 1484 1527
300636 1529 1572
300631 41 49
300631 63 66
300631 75 128
300631 130 190
300631 193 200
300631 203 226
300632 1 21
300633 1 54
300633 57 151
300633 153 270
300633 273 410
300633 413 422
300633 424 447
297606 1 29
297606 31 94
297606 99 231
297359 51 56
297359 60 70
297359 164 180
297604 1 91
297604 94 126
297604 131 161
297604 163 179
297604 181 272
297604 279 359
297604 361 375
297604 381 402
297604 404 407
297605 1 6
297605 13 20
297605 24 89
297605 95 104
297605 106 179
297605 182 219
297605 221 407
297215 1 27
297215 29 47
297603 1 104
297603 107 289
297603 291 420
299649 151 228
299649 230 332
300464 1 25
300464 27 84
300464 86 103
300464 126 150
300464 153 265
300467 1 50
300467 52 70
300467 73 91
300467 93 228
300467 230 342
300467 344 434
300467 436 484
300467 486 489
300467 492 563
300466 1 34
300466 36 56
300466 59 79
300466 82 223
300466 225 303
300466 305 326
300466 328 336
300466 338 385
300466 388 455
300466 457 578
300466 580 593
300466 596 614
300466 617 650
300461 1 31
300461 34 98
301179 35 56
301179 59 59
300463 1 67
300463 69 124
300462 1 97
300106 1 12
300106 14 74
300107 1 28
300107 30 47
300105 1 21
301941 31 163
301941 166 255
301941 257 385
301941 388 443
301941 446 448
301941 450 568
299480 1 7
299480 9 244
299480 247 330
299480 332 346
299480 348 359
299480 361 451
299480 454 460
299480 463 463
299480 466 502
299480 504 646
299480 649 713
299481 1 66
299481 68 177
299481 179 196
299481 199 236
299481 260 263
299481 266 323
299481 326 424
299481 426 433
299481 435 452
299481 454 479
299481 487 521
299481 523 602
299481 604 644
299481 646 655
299481 657 747
299481 750 868
299481 871 940
299481 943 997
299481 1000 1030
299481 1033 1037
299481 1061 1145
299481 1147 1205
299481 1207 1257
301283 1 24
301283 27 80
301283 82 83
301283 86 288
301283 290 308
301283 310 394
301283 396 399
301283 401 426
301283 429 458
301283 461 466
301283 468 581
301283 583 585
301283 588 645
301283 648 714
301283 716 719
301283 721 757
301283 760 784
301283 786 824
301283 826 844
301283 846 853
301283 856 886
297224 1 19
297224 24 81
297224 83 138
297225 1 21
297225 24 32
299329 1 6
299329 8 151
299329 153 172
297227 1 59
297227 62 192
301417 36 87
301417 89 139
301417 141 235
301417 238 271
301417 273 341
301417 343 367
300239 1 7
300239 9 22
300239 25 67
300239 70 78
300239 80 128
300239 130 145
300239 148 158
300239 161 167
300239 171 213
299327 1 72
297505 1 61
297505 63 394
297504 1 27
297504 29 33
297504 36 41
297504 125 136
300515 1 69
300515 72 79
300515 81 151
300515 154 166
300515 169 296
300515 298 332
300515 335 340
300515 343 447
300515 450 459
300515 461 480
300515 482 682
300515 684 838
300515 957 1013
300514 38 43
300514 46 78
300514 80 150
297503 1 59
297503 61 193
297503 195 275
297503 282 559
297503 566 606
297503 612 635
297503 642 772
297503 777 779
300516 1 78
300516 80 111
300780 1 14
300780 16 111
300780 114 202
300780 204 318
300780 321 341
300785 1 9
300785 11 33
300785 36 238
300785 240 334
300785 336 354
300785 357 367
300785 369 445
300785 448 549
300785 552 600
300785 602 644
300785 647 708
300785 711 750
300785 752 808
300785 811 830
300785 832 908
300785 910 1045
300785 1048 1120
300785 1122 1131
300785 1133 1173
300785 1175 1201
300785 1219 1226
300785 1228 1262
300785 1265 1272
300087 36 59
300087 61 126
300087 128 137
300087 140 208
300087 210 210
300087 213 216
300087 218 239
299042 33 55
300240 1 7
300240 11 46
300240 51 79
300240 81 210
300240 212 221
300240 224 340
300240 342 362
301165 1 55
301165 58 128
301165 131 145
301180 1 44
301180 46 87
301180 90 97
301183 1 10
301183 13 182
301183 184 214
301183 217 303
301476 1 8
301476 11 140
301476 143 171
301476 173 321
301476 323 367
301476 369 399
301476 401 406
301476 408 475
301476 478 816
301476 819 837
301476 839 844
301359 33 100
301359 102 250
301359 253 319
301472 35 48
301472 50 307
301472 309 399
301472 401 535
301472 538 541
301472 544 707
301472 710 747
301472 750 830
301970 1 27
301970 30 123
297113 1 15
297113 27 149
297113 151 204
297113 211 252
297293 1 12
297293 14 77
297293 79 121
297293 127 150
297292 1 54
297292 56 125
297292 130 131
297292 136 320
297292 323 342
297292 344 509
297292 512 667
297292 675 750
297292 753 753
297114 1 36
297114 38 99
297114 106 132
297114 135 159
297296 1 87
297296 90 133
297296 136 213
297296 215 230
297296 232 236
297296 240 304
297296 306 401
297296 406 418
297296 425 497
297050 1 137
297050 193 195
297050 197 371
297050 374 599
297050 602 604
297050 607 665
297050 668 776
297057 1 4
297057 14 83
297057 85 105
297057 112 183
297057 185 360
297057 362 377
297057 385 410
297057 413 418
297057 424 509
297057 516 554
297057 556 629
297057 632 906
297056 12 26
297056 28 101
297056 104 187
297056 189 203
300635 1 23
300635 26 80
300635 83 123
300635 125 143
300635 146 176
301524 1 57
301524 59 77
301524 79 81
301524 83 110
301524 117 129
301524 132 191
301524 193 225
301524 227 263
297426 1 28
297426 34 84
297426 90 111
297424 32 149
297425 1 107
297425 112 137
297425 140 157
297429 1 72
297620 32 98
297620 101 127
297620 129 318
300811 2 105
300811 107 249
300811 251 398
300811 400 508
300812 1 37
300812 40 59
300816 1 87
300816 89 146
300816 149 161
300817 1 33
300817 36 74
300817 80 108
300817 111 119
300817 121 322
300817 324 379
300817 382 383
300817 410 438
300817 440 449
300817 452 491
300817 493 493
301448 1 17
301448 19 128
301448 130 176
301448 178 199
301448 201 209
301448 211 228
301448 231 259
301448 261 268
301448 271 303
301448 306 329
301449 1 31
301449 34 64
301449 66 185
301449 188 250
301449 252 256
301449 259 284
301449 286 291
301449 293 297
301449 300 329
301449 332 356
301449 359 404
301532 1 38
301532 40 45
301532 47 137
301532 139 203
301532 205 213
301532 216 487
301532 489 564
301532 566 575
301532 577 611
299420 1 50
301330 22 24
301330 27 139
301330 142 229
301330 232 312
301330 315 348
301330 350 353
301984 17 80
301984 82 110
301984 112 137
301984 140 164
301984 167 264
301984 266 295
301984 297 317
301447 86 96
301447 99 127
301447 129 350
301447 352 369
301447 371 371
301447 373 374
301447 376 400
301447 404 417
301447 419 512
297101 1 349
297101 351 547
297101 550 585
297101 587 665
297101 667 668
297101 673 697
297101 700 856
297101 862 920
297100 1 15
297100 21 220
297100 222 369
297100 375 381
300122 44 85
300122 88 100
300122 102 127
300122 129 186
300122 188 235
300122 237 303
300122 306 453
300122 456 527
300122 530 560
300122 563 609
300122 611 617
300122 619 627
300122 629 657
300122 660 691
300122 693 697
300122 699 730
300122 735 809
300122 811 924
300122 927 1026
300122 1028 1051
300122 1053 1082
300122 1084 1172
300122 1175 1286
300122 1289 1295
300123 1 91
300123 93 93
300123 96 158
300123 160 177
300123 180 381
300123 383 384
300123 387 487
300123 490 612
300281 3 8
300280 52 56
300280 61 69
300280 73 95
300280 97 150
300280 155 165
300280 178 194
300280 196 198
300280 207 222
300280 226 247
300280 249 251
300280 255 255
300280 257 268
300280 275 345
300280 349 355
300280 358 363
300280 366 370
300280 381 393
300280 395 538
300280 540 548
300280 553 605
300280 617 639
300280 663 691
300283 1 13
300283 15 34
300282 1 9
300282 13 59
300282 73 92
300282 97 114
300282 142 151
300282 156 172
300282 174 186
301960 1 10
301960 12 77
301960 79 147
297431 1 49
297431 55 64
297431 71 142
297431 144 188
297430 1 32
297430 34 66
297430 69 190
297430 192 199
297433 1 127
297433 130 159
297432 1 19
297432 21 30
297432 32 112
297435 1 14
297435 16 94
297434 1 161
301531 1 4
301531 6 6
301531 8 33
301531 35 45
301531 47 173
301531 175 198
301531 200 265
301531 267 315
301531 318 329
301531 332 394
299180 1 98
299185 1 107
299185 109 120
299184 1 130
299184 132 164
299184 166 326
299184 328 359
299184 361 416
299184 419 456
299184 458 480
299184 482 561
301997 37 206
301997 208 234
301997 237 275
301997 277 333
301997 336 407
301450 1 8
301450 11 71
301450 73 173
301384 1 2
301384 5 16
301384 18 67
301384 70 261
301384 263 265
301384 268 304
301384 307 425
301384 428 441
301384 444 476
300238 1 58
300238 62 86
300238 89 273
300238 275 329
299061 38 194
299061 197 280
299061 282 343
299061 345 355
299062 1 81
299062 83 163
299062 166 183
299062 186 303
299064 1 85
299065 13 248
299065 251 342
301529 1 35
301529 37 49
299067 1 58
299067 60 110
299067 112 190
299067 193 248
299067 250 268
299067 270 303
299067 305 327
299067 329 459
301323 35 52
301323 54 62
301323 65 76
301323 78 113
301323 116 272
301323 274 315
301323 318 332
301323 335 456
301323 458 474
301323 477 501
301323 504 507
301323 509 552
301323 554 560
301323 562 571
301323 574 579
301323 582 688
301323 690 784
301323 786 810
301323 812 880
301323 883 917
301323 919 990
300233 43 69
300233 72 151
300233 154 162
300234 1 59
300235 1 153
300235 155 182
300235 184 187
300236 1 95
300236 97 124
300236 126 187
300237 1 59
300237 61 61
300237 63 98
300237 101 112
300237 114 147
300237 150 315
300237 317 354
300237 356 379
300237 381 388
300237 390 428
300237 430 458
300237 461 471
300237 474 546
300237 548 629
300237 631 713
300237 716 717
301694 36 102
301530 3 50
301530 53 62
301530 64 89
301530 91 104
300226 43 72
300226 74 162
300226 164 192
300226 195 258
300226 260 314
300226 316 358
300226 360 408
300226 410 448
301912 42 43
301912 45 52
301912 154 254
301912 256 284
301912 287 346
301912 348 422
301913 1 58
301914 1 9
301914 11 24
301914 26 72
301914 75 90
301914 93 260
301914 262 350
