317279 43 508
320059 1 105
321011 1 213
316377 19 19
316377 21 40
321012 1 35
321012 190 201
316378 1 29
316379 1 70
319337 48 2240
316766 51 1920
316766 1922 2199
320854 1 125
317626 40 2045
319687 46 90
319992 1 264
316613 49 241
316928 40 188
315512 1 1122
315510 1 345
321051 58 1179
317488 1 844
315690 10 654
316615 1 338
315357 44 732
315357 736 770
315357 780 831
317484 1 448
317484 467 514
317484 519 545
316470 1 476
317089 1 1003
316472 1 71
316472 76 333
316200 1 10
320838 93 357
319991 46 882
320674 1 599
317080 41 66
317087 43 177
317087 213 222
317087 257 852
316271 36 121
320688 49 531
316361 22 124
316361 126 131
316361 133 135
316361 137 137
316361 139 142
316361 144 145
316361 147 147
316361 149 159
316361 161 174
316361 176 178
316361 180 189
316361 191 197
316361 199 208
316361 210 223
316363 1 39
316363 41 49
316362 1 208
316362 210 212
316362 214 225
316362 227 242
316362 244 269
316362 271 319
316362 332 392
316362 394 395
316362 397 402
316362 404 404
316362 406 410
316362 412 412
316362 414 418
316362 420 428
316362 430 450
320941 1 93
316199 33 1197
317478 1 23
321221 1 40
320025 1 113
316114 1 777
316114 779 1562
320024 1 410
316113 1 64
316110 1 210
316111 1 48
316758 11 1609
320023 17 292
316590 17 526
316202 1 403
320757 51 382
315689 24 1127
315689 1180 1186
316201 1 498
315764 37 309
319851 1 4
320995 26 214
320063 1 64
315361 40 619
320061 1 49
315363 1 35
315363 37 47
315363 49 67
315363 69 80
315363 82 90
320823 1 360
320822 1 523
315366 10 61
315366 67 750
320064 1 200
319625 17 206
321166 1 10
320062 1 21
320821 41 221
316569 20 703
316569 742 1945
319456 138 346
319658 1 225
319503 1 317
320060 1 42
319450 1 287
319450 290 683
316876 34 38
316876 40 644
317696 38 682
320026 1 204
316187 1 1091
316187 1093 1100
316187 1207 2077
316186 38 81
321004 39 188
316059 1 321
316059 323 567
316058 42 405
319348 1 37
319349 1 148
316219 1 283
316218 1 1008
320012 1 99
317292 1 330
316217 1 264
316216 25 466
317297 1 283
317297 347 760
319941 43 298
315770 39 332
319908 1 40
319908 43 53
319909 1 7
315721 33 50
315721 56 626
320853 41 369
320856 1 159
320857 1 272
315270 1 633
320855 1 565
315801 1 344
315800 41 621
321140 1 798
319486 38 103
319639 31 1509
316457 1 1454
316455 36 71
320011 1 302
321124 1 819
319697 47 482
319697 490 490
321121 1 47
320859 1 40
321126 1 493
321122 1 395
317663 1 858
319698 1 312
319756 44 1966
319449 35 559
319449 562 734
317320 1 326
317320 333 411
317320 413 1827
320933 40 214
317683 83 402
320936 1 407
320980 44 142
319657 1 167
320065 1 920
318874 1 320
317591 43 334
315786 1 72
315264 32 261
315784 29 33
315784 40 156
315784 158 161
315785 1 198
315785 201 305
320841 1 205
319915 1 416
315488 42 843
317212 36 175
317213 1 375
315704 1 61
315705 1 700
315702 38 113
315703 1 545
320006 1 34
320006 36 341
319841 1 167
319840 41 388
317182 47 63
317182 65 1424
316879 1 156
319847 49 51
320002 52 192
319579 41 3168
321007 1 831
317339 1 163
317338 66 107
317661 35 1256
321119 45 214
320840 1 471
321055 1 302
321055 304 326
321055 328 340
321055 368 759
321134 33 70
316239 38 626
318876 1 161
320996 1 380
316721 1 15
316720 1 182
316723 1 64
316722 1 751
317527 41 1487
315259 1 172
317438 1 68
317438 71 309
318872 16 287
318877 1 615
315790 1 716
315790 718 922
315257 1 88
315257 91 92
320038 43 663
320039 1 30
315490 1 24
321009 1 85
315557 1 279
315556 1 26
315555 22 97
316715 33 45
316240 1 1224
316241 1 325
315713 35 359
315713 374 385
315713 400 1123
319678 36 294
320804 46 1274
316718 1 311
315840 33 1154
317382 58 128
317383 1 58
321138 1 741
316082 37 407
316153 1 770
317435 1 1397
320917 1 1926
315322 23 118
315322 122 1354
315642 1 92
315641 1 4
315640 46 87
315647 1 58
315646 1 1033
315645 1 40
315645 47 390
315645 395 565
315645 567 594
315644 1 184
315648 1 110
320920 1 178
320673 35 901
315265 4 58
316994 1 14
316995 1 623
316993 44 254
319912 1 59
315489 1 653
315489 672 709
315267 1 244
319854 1 225
316702 1 388
316701 1 479
316700 46 346
316700 388 397
316716 1 181
315339 37 654
316717 1 192
319913 1 56
316666 1 981
316667 1 197
317650 1 1304
319914 1 32
317392 1 1116
317392 1119 1900
317391 39 46
319849 1 492
317291 34 824
321006 1 162
319848 1 53
317475 33 89
317475 105 115
316877 1 164
316877 171 401
319347 40 690
316985 33 503
315543 55 171
321067 39 225
321067 232 639
316505 44 205
316505 207 921
316505 923 1364
319942 1 50
319077 52 92
321068 1 715
321069 1 313
320010 1 330
319526 1 282
319659 1 87
319524 36 1459
321005 1 61
319853 1 40
319853 47 262
319656 51 310
321010 1 342
320858 1 230
319528 1 259
316719 1 91
316719 100 144
317649 1 621
317648 45 139
320712 39 242
320888 1 26
315420 28 920
315420 924 942
315420 954 1748
317641 1 1390
317640 29 829
320887 49 321
316062 1 4
316060 1 935
316061 1 23
316061 194 206
320040 1 737
315506 13 100
315741 34 92
319950 38 205
320809 1 716
316380 1 708
316380 714 1213
318828 54 123
320807 1 7
315973 39 240
315973 262 914
317340 1 418
315974 1 71
319910 1 983
320934 1 831
316469 17 444
319459 1 78
319993 1 955
317319 44 182
