297484 1 20
297484 23 47
297484 53 98
297484 100 208
297484 214 214
297485 2 16
297485 23 55
297485 57 253
297485 258 299
297485 302 314
297485 321 411
297485 414 420
297486 1 74
297486 79 140
297486 142 598
297486 603 604
297486 607 625
297487 1 147
297487 150 338
297487 340 433
297487 439 491
297487 495 603
297487 609 613
297099 40 62
297483 37 68
297483 71 201
297483 206 214
299370 1 72
299370 74 149
299370 151 174
299370 176 411
299370 413 457
299370 460 523
299370 525 529
299370 531 610
299370 612 698
299370 701 705
297488 1 73
297488 80 424
297557 8 113
297557 119 167
297557 173 174
297557 180 394
297723 1 222
297722 55 160
297722 165 289
297722 292 310
297722 313 344
297722 346 350
297722 352 353
299178 37 56
297656 64 116
297656 123 135
297656 140 230
297656 269 307
297656 313 330
297656 341 376
297656 378 388
297656 393 433
297411 32 69
297411 71 190
297411 192 297
297411 299 479
297411 481 694
297411 696 737
297411 740 776
297411 779 800
297411 807 947
297411 950 950
297308 8 44
299369 1 21
299369 24 44
299369 46 289
299369 291 303
299368 37 54
299368 56 61
299368 63 175
299000 1 16
299000 18 77
297558 1 124
297558 126 164
297558 167 225
297558 227 266
299096 1 3
299096 5 55
299096 57 97
297665 1 153
297665 159 209
297665 214 265
297665 268 279
297666 1 11
297666 17 72
297666 74 81
297666 86 94
297666 97 97
297666 100 121
297175 1 22
297175 24 85
297176 1 120
297176 125 214
298997 1 47
298996 33 216
297468 1 74
297469 1 4
297469 9 70
297467 50 80
297467 82 127
297467 129 138
299396 1 34
299396 37 52
299396 54 81
299394 1 33
299395 1 58
299395 60 64
299395 66 127
299395 130 187
297563 1 69
297563 71 77
297563 79 254
297563 260 262
297562 1 3
297562 5 92
297562 94 369
297670 1 34
297675 1 123
297675 129 149
297675 151 163
297675 165 175
297675 178 186
297675 189 199
297675 202 239
297675 244 328
297675 334 467
297675 470 471
297674 1 102
297674 108 188
299149 29 87
299149 89 198
299149 200 216
299149 218 263
299149 266 266
299149 268 272
299149 274 282
299149 284 288
299149 290 470
299381 1 45
297599 1 156
297599 158 169
297599 211 225
297599 230 312
297599 319 385
297599 395 407
297219 1 11
297219 14 80
297219 85 147
297219 149 281
297219 288 331
297219 333 579
297219 585 625
297219 627 730
297219 732 916
297219 921 972
297219 974 1071
297219 1073 1093
297219 1095 1210
297219 1212 1363
297219 1365 1429
297219 1436 1479
297219 1481 1712
297219 1714 2004
297219 2010 2057
297219 2059 2111
297219 2114 2431
297219 2433 2565
297219 2567 2572
297219 2574 2638
297218 1 27
297606 1 29
297606 31 94
297606 99 231
297359 51 56
297359 60 70
297359 164 180
297604 1 91
297604 94 126
297604 131 161
297604 163 179
297604 181 272
297604 279 359
297604 361 375
297604 381 402
297604 404 407
297605 1 6
297605 13 20
297605 24 89
297605 95 104
297605 106 179
297605 182 219
297605 221 407
297215 1 27
297215 29 47
297603 1 104
297603 107 289
297603 291 420
297224 1 19
297224 24 81
297224 83 138
297225 1 21
297225 24 32
299329 1 6
299329 8 151
299329 153 172
297227 1 59
297227 62 192
299327 1 72
297505 1 61
297505 63 394
297504 1 27
297504 29 33
297504 36 41
297504 125 136
297503 1 59
297503 61 193
297503 195 275
297503 282 559
297503 566 606
297503 612 635
297503 642 772
297503 777 779
299042 33 55
297113 1 15
297113 27 149
297113 151 204
297113 211 252
297293 1 12
297293 14 77
297293 79 121
297293 127 150
297292 1 54
297292 56 125
297292 130 131
297292 136 320
297292 323 342
297292 344 509
297292 512 667
297292 675 750
297292 753 753
297114 1 36
297114 38 99
297114 106 132
297114 135 159
297296 1 87
297296 90 133
297296 136 213
297296 215 230
297296 232 236
297296 240 304
297296 306 401
297296 406 418
297296 425 497
297050 1 137
297050 193 195
297050 197 371
297050 374 599
297050 602 604
297050 607 665
297050 668 776
297057 1 4
297057 14 83
297057 85 105
297057 112 183
297057 185 360
297057 362 377
297057 385 410
297057 413 418
297057 424 509
297057 516 554
297057 556 629
297057 632 906
297056 12 26
297056 28 101
297056 104 187
297056 189 203
297426 1 28
297426 34 84
297426 90 111
297424 32 149
297425 1 107
297425 112 137
297425 140 157
297429 1 72
297620 32 98
297620 101 127
297620 129 318
299420 1 50
297101 1 349
297101 351 547
297101 550 585
297101 587 665
297101 667 668
297101 673 697
297101 700 856
297101 862 920
297100 1 15
297100 21 220
297100 222 369
297100 375 381
297431 1 49
297431 55 64
297431 71 142
297431 144 188
297430 1 32
297430 34 66
297430 69 190
297430 192 199
297433 1 127
297433 130 159
297432 1 19
297432 21 30
297432 32 112
297435 1 14
297435 16 94
297434 1 161
299180 22 98
299185 1 107
299185 109 120
299184 1 130
299184 132 164
299184 166 326
299184 328 359
299184 361 416
299184 419 456
299184 458 480
299184 482 561
299061 38 194
299061 197 280
299061 282 343
299061 345 355
299062 1 81
299062 83 163
299062 166 183
299062 186 303
299064 1 85
299065 13 248
299065 251 342
299067 1 58
299067 60 110
299067 112 190
299067 193 248
299067 250 268
299067 270 303
299067 305 327
299067 329 459
