300459 40 332
301398 1 9
300517 1 8
300517 103 623
302337 27 162
302563 40 46
301396 1 33
301397 1 228
301397 231 728
301399 1 108
301391 38 214
301392 1 627
301393 1 18
297484 1 47
297484 53 208
297484 214 214
297485 1 16
297485 23 253
297485 258 299
297485 302 314
297485 321 420
297486 1 74
297486 79 598
297486 603 625
297487 1 433
297487 439 491
297487 495 603
297487 609 613
301985 1 367
300389 1 1
300389 4 5
300389 8 8
300389 11 20
300389 23 39
300389 60 149
297099 40 62
297483 37 68
297483 71 201
297483 206 214
299370 1 705
297488 1 73
297488 80 424
297557 8 113
297557 119 167
297557 173 174
297557 180 394
297723 1 222
297722 55 160
297722 165 353
303998 58 319
302473 1 368
302473 398 406
300674 1 33
300675 1 33
300676 1 26
300284 1 22
300284 38 47
300284 50 82
300284 90 98
300284 108 130
300284 133 152
300284 156 250
300284 260 414
300284 420 561
300284 568 585
300284 590 680
300284 691 751
302041 1 72
302040 1 174
302043 1 228
302042 1 523
299178 37 56
299178 58 111
301627 57 943
302476 1 259
301142 1 897
302343 1 98
302573 1 693
302573 730 1285
302572 1 291
302393 1 887
301664 28 445
297656 64 116
297656 123 135
297656 140 230
297656 269 307
297656 313 330
297656 341 388
297656 393 433
302448 21 312
302448 317 442
302448 445 483
302448 486 1926
302635 1 22
302635 24 28
302635 30 39
302635 41 53
302635 55 132
302635 134 144
302635 146 265
302635 267 271
302635 274 344
302635 347 357
302635 359 375
302635 378 384
302635 386 414
302635 416 494
302635 497 608
302635 611 634
302635 637 684
302635 687 706
302635 708 724
302635 726 901
302635 904 954
302635 957 982
302635 984 1072
302635 1075 1124
302635 1126 1129
302635 1132 1206
302635 1209 1234
302635 1236 1291
297411 32 737
297411 740 800
297411 807 950
297308 8 44
302344 1 482
299369 1 303
299368 37 175
302342 1 72
299450 39 88
300399 1 20
300398 1 20
302328 42 722
300742 42 343
300393 1 20
300392 1 21
300391 1 21
300390 1 21
300397 1 20
300396 1 20
300395 1 20
300394 1 21
304062 54 2014
302131 71 811
302131 818 943
300497 26 175
302229 1 457
300558 1 548
299443 145 164
302225 48 133
302225 136 923
299000 1 77
302037 1 2
302037 18 20
297558 1 266
301475 1 18
299593 95 177
299593 179 896
299594 1 317
299595 1 134
299595 138 138
302479 30 222
302479 225 340
299597 1 91
299597 93 540
300155 35 1229
300157 1 1107
300156 1 72
297178 1 54
297178 59 334
297178 342 749
297178 754 967
297178 972 1037
297178 1043 1264
297178 1272 1282
297178 1290 1385
301461 28 581
302525 1 677
302525 747 778
302548 40 124
301987 1 1128
299096 1 97
297665 1 153
297665 159 209
297665 214 279
297666 1 11
297666 17 81
297666 86 121
301986 1 381
297175 1 85
297176 1 120
297176 125 214
302228 53 78
302228 81 293
298997 1 47
298996 33 216
297468 1 74
297469 1 4
297469 9 70
297467 50 138
300401 1 673
300400 1 677
302166 1 16
302526 1 534
302526 545 582
302279 1 71
302661 1 72
302663 1 706
300560 1 640
300560 645 844
302522 29 46
303838 54 54
303838 83 2044
299396 1 81
300117 35 67
299394 1 33
299395 1 187
300366 1 21
300367 1 20
300364 24 46
300365 1 20
302493 1 7
302551 1 7
300368 1 20
300369 1 20
297563 1 254
297563 260 264
297562 1 369
300806 33 214
301281 38 157
301161 35 805
302553 1 188
301046 153 223
297670 1 34
297675 1 123
297675 129 239
297675 244 328
297675 334 467
297675 470 471
297674 1 102
297674 108 188
300576 1 123
300576 125 1206
299479 1 123
299478 1 175
301567 14 372
302555 1 11
302554 1 7
299477 34 42
299477 82 87
302651 1 149
303885 60 2052
302654 1 317
302392 45 407
299149 29 470
299381 1 45
299380 32 227
302165 1 85
301665 1 294
301665 319 487
300575 1 82
302494 1 618
302019 34 86
300375 1 93
300374 1 21
300574 14 111
300371 1 20
300370 1 20
300373 1 21
300372 1 8
300777 21 509
301959 30 1938
302038 10 10
297599 1 169
297599 211 225
297599 230 312
297599 319 385
297599 395 407
302474 1 305
301298 30 949
301519 42 250
302484 8 176
297219 1 80
297219 85 281
297219 288 579
297219 585 916
297219 921 1429
297219 1436 2004
297219 2010 2638
297218 1 27
300636 1 335
300636 338 1572
304000 1 56
300631 41 49
300631 63 66
300631 75 226
300632 1 21
300633 1 447
297606 1 94
297606 99 231
297359 51 70
297359 164 180
297604 1 126
297604 131 272
297604 279 375
297604 381 407
297605 1 6
297605 13 20
297605 24 89
297605 95 407
297215 1 47
297603 1 420
303825 1 180
299649 151 332
302240 1 960
300464 1 103
300464 126 265
300467 1 563
300466 1 650
300461 1 98
301179 35 59
300463 1 124
300462 1 97
300106 1 74
300107 1 28
300107 30 47
300105 1 21
301941 31 568
299480 1 715
299481 1 196
299481 199 236
299481 260 479
299481 487 940
299481 943 1037
299481 1061 1257
302565 1 7
301283 1 886
297224 1 19
297224 24 138
297225 1 32
299329 1 172
297227 1 192
301417 36 367
300239 1 145
300239 148 167
300239 171 213
302350 1 136
302034 1 20
299327 1 72
297505 1 394
297504 1 41
297504 125 136
302263 1 1250
302262 37 471
300515 1 838
300515 957 1013
300514 38 150
297503 1 275
297503 282 559
297503 566 606
297503 612 635
297503 642 772
297503 777 779
300516 1 111
300780 1 341
303999 1 751
302277 15 17
302277 22 192
302277 194 391
300785 1 549
300785 552 750
300785 752 1201
300785 1219 1272
300087 36 59
300087 61 126
300087 128 216
300087 218 239
302033 1 40
302033 44 46
299042 33 55
300240 1 7
300240 11 46
300240 51 362
301165 1 145
301180 1 97
301183 1 10
301183 13 303
301476 1 844
301359 33 319
302634 37 73
302634 75 123
302634 125 129
302634 133 165
302634 168 175
302634 177 216
302634 218 358
302634 361 375
302634 378 404
302634 407 423
302634 425 503
302634 505 578
302634 581 594
302634 596 638
301472 35 830
301970 1 123
297113 1 15
297113 27 204
297113 211 252
297293 1 121
297293 127 150
297292 1 125
297292 130 131
297292 136 667
297292 675 753
302031 1 96
302031 102 401
302031 403 446
302031 448 675
302031 678 818
297114 1 99
297114 106 161
297296 1 236
297296 240 401
297296 406 418
297296 425 497
297050 1 137
297050 193 776
297057 1 4
297057 14 105
297057 112 377
297057 385 418
297057 424 509
297057 516 906
297056 12 203
302388 27 157
302388 164 717
300635 1 23
300635 26 176
302322 33 870
301524 1 110
301524 117 263
297426 1 28
297426 34 84
297426 90 111
302523 1 59
297424 32 149
297425 1 107
297425 112 157
297429 1 72
302163 32 671
302163 674 1230
302509 73 92
297620 32 318
300811 1 508
300812 1 59
300816 1 161
300817 1 33
300817 36 74
300817 80 383
300817 410 493
301448 1 329
301449 1 404
301532 1 611
302029 1 98
299420 1 50
302026 24 53
302026 66 72
301330 22 353
301984 17 317
301447 86 96
301447 99 400
301447 404 512
297101 1 668
297101 673 697
297101 700 856
297101 862 920
297100 1 15
297100 21 369
297100 375 381
300122 44 730
300122 735 924
300122 927 1295
300123 1 384
300123 387 612
300281 3 8
300280 52 56
300280 61 69
300280 73 150
300280 155 165
300280 178 198
300280 207 222
300280 226 251
300280 255 268
300280 275 345
300280 349 370
300280 381 548
300280 553 607
300280 617 639
300280 663 691
300283 1 34
300282 1 9
300282 13 59
300282 73 92
300282 97 114
300282 142 151
300282 156 186
302159 33 140
302492 1 21
302492 23 59
301960 1 147
297431 1 49
297431 55 64
297431 71 188
297430 1 199
297433 1 159
297432 1 112
297435 1 94
297434 1 161
301531 1 394
299180 1 98
303832 54 1334
303832 1338 1913
299185 1 120
299184 1 561
301997 37 407
301450 1 173
301998 1 1704
301384 1 476
302472 28 808
304120 1 253
302475 1 7
302513 37 89
300238 1 58
300238 62 329
299061 38 355
299062 1 163
299062 166 303
303948 55 130
303948 133 176
303948 178 282
303948 285 318
303948 321 388
303948 391 456
303948 459 462
303948 466 558
303948 561 561
303948 563 564
303948 569 1678
299064 1 85
299065 13 248
299065 251 342
301529 1 49
299067 1 459
302597 1 1054
302596 47 534
302596 545 705
302596 710 986
301323 35 474
301323 477 990
300233 43 162
300234 1 59
300235 1 187
300236 1 187
300237 1 713
300237 716 717
301694 36 102
302485 1 922
301530 1 104
300226 43 448
301912 42 52
301912 101 422
301913 1 58
302280 1 152
301914 1 350
